\graphicspath{ {Figures/TMethod/Main/} {Figures/TMethod/ResidualsFFT/} {Figures/TMethod/Comparison/} {Figures/TMethod/RandomSeeds/} }

\chapter{T Method Fit}
\label{Ch:TMethod}

While not the main focus of my analysis, I also perform a T method fit to the data along with the ratio fit. This is useful as a comparison to the ratio method results, and can also provide useful parameter information that the ratio method has trouble getting at. I do not perform systematic studies, and only perform analysis checks like fit start time scans to verify that the T method fit is working correctly. In my T method fit, I include all CBO terms except the $N_{2cbo}$ term, the vertical waist, and lost muons, as described in Chapter \ref{Ch:Procedures}. The same fit start and end times as used in the ratio fit of $\SI{30.2}{\mu s} - \SI{650}{\mu s}$ are used here as well.

The results for a T-Method fit are shown in Figure \ref{fig:TMethod_moduloPlot}, with a table of the results with parameter information shown in Table \ref{Tab:FitParamsTMethod}. The correlation matrix for the T-Method fit is shown in Table \ref{Tab:CorrMatTMethod}. Residuals and FFTs of the T method fit results are included for posterity in Figures \ref{fig:fitResidual_TMethod} - \ref{fig:FFTComparison_TMethod}.

A comparison between the ratio and T-Method results are shown in Table \ref{Tab:FitComparison}. There is a slight difference in data that is fitted between the T method and the ratio method. Because of the time shifting that is done in the ratio method, there is a quarter \gmtwo periods worth of data starting at $\SI{30.2}{\mu s}$ that is replaced by data before $\SI{30.2}{\mu s}$. This shouldn't change much but should be kept in mind when comparing the results.

	\begin{figure}[]
		\centering
		\includegraphics[width=\textwidth]{TMethod_moduloPlot}
	    \caption[TMethod_moduloPlot]{Final fit result for the 60 hour dataset for a T method fit. The x axis is in units of $\mu$s modulo 100 $\mu$s, with successive portions of the data points and fit shifted downwards on the plot. R is blinded locally. The fit ranges from $\SI{30.2}{\mu s}$ to $\SI{650}{\mu s}$.}
	    \label{fig:TMethod_moduloPlot}
	\end{figure}

	\begin{table}[]
	\centering
	\setlength\tabcolsep{10pt}
	\renewcommand{\arraystretch}{1.2}
	\begin{tabular*}{.85\linewidth}{@{\extracolsep{\fill}}|l|l|c|c|}
	  \hline
	  	\multicolumn{4}{|c|}{\textbf{T-Method Fit Results}} \\
	  \hline\hline
	  	\multicolumn{2}{|c}{$\chi^{2}$/NDF}       				&  \multicolumn{2}{c|}{$4083/4137$}  \\
	  	\multicolumn{2}{|c}{P value}         	 				&  \multicolumn{2}{c|}{$0.7211$}  \\
	  \hline\hline
	  	Parameter & Descriptor & Value & Error \\
	  \hline
		$N_{0}$    			  & Number  	    			&  $\SI{3.452e+06}{}$ & $\SI{271.5}{}$ \\
		$\tau$    			  & Muon Lifetime $(\mu s)$ 	&  $\SI{64.44}{}$ & $\SI{0.0038}{}$ \\
		$A$    			 	  & Asymmetry  	    			&  $\SI{0.3704}{}$ & $\SI{4.396e-05}{}$ \\
		$R$     			  & R (ppm, blinded)   	 		&  $\SI{-20.450}{}$ & $\SI{1.311}{}$ \\
		$\phi$   			  & \gmtwo Phase         		&  $\SI{2.091}{}$ & $\SI{2.161e-4}{}$ \\
		$\omega_{cbo}$   	  & CBO Frequency $(MHz)$       &  $\SI{0.367}{}$ & $\SI{6.936e-05}{}$ \\
		$\tau_{cbo}$          & CBO Lifetime $(\mu s)$ 	    &  $\SI{178.9}{}$ & $\SI{14.7}{}$ \\
		$A_{cbo-N}$   	 	  & CBO N Amplitude      		&  $\SI{0.00432}{}$ & $\SI{1.547e-4}{}$ \\
		$\phi_{cbo-N}$   	  & CBO N Phase       	 		&  $\SI{-1.824}{}$ & $\SI{0.034}{}$ \\
		$A_{cbo-A}$   	 	  & CBO A Amplitude      		&  $\SI{6.075e-4}{}$ & $\SI{2.647e-4}{}$ \\
		$\phi_{cbo-A}$   	  & CBO A Phase       	 		&  $\SI{-0.470}{}$ & $\SI{0.434}{}$ \\
		$A_{cbo-\phi}$   	  & CBO $\phi$ Amplitude      	&  $\SI{2.586e-4}{}$ & $\SI{1.304e-4}{}$ \\
		$\phi_{cbo-\phi}$     & CBO $\phi$ Phase       	 	&  $\SI{-1.391}{}$ & $\SI{0.510}{}$ \\
		$\omega_{VW}$   	  & VW Frequency $(MHz)$        &  $\SI{2.309}{}$ & $\SI{0.00757}{}$ \\
		$\tau_{VW}$           & VW Lifetime $(\mu s)$ 	    &  $\SI{11.69}{}$ & $\SI{4.91}{}$ \\
		$A_{VW}$   	 		  & VW Amplitude      			&  $\SI{0.017}{}$ & $\SI{0.019}{}$ \\
		$\phi_{VW}$   	  	  & VW Phase       	 			&  $\SI{1.328}{}$ & $\SI{1.689}{}$ \\
		$\kappa_{loss}$   	  & Lost Muon Normalization     &  $\SI{6.616}{}$ & $\SI{0.245}{}$ \\
	  \hline
	\end{tabular*}
	\caption{Table of T-Method fit results.}
	\label{Tab:FitParamsTMethod}
	\end{table}

\begin{landscape}
	\begin{table}[]
	\setlength\tabcolsep{0pt}
	\scalebox{0.7}{%
	\begin{tabular*}{1.5\linewidth}{@{\extracolsep{\fill}}lLBLLLLLLLLLLLLLLLLLL}
	  \toprule
	            & \thead{$N_{0}$} & \thead{$\tau$} & \thead{$A$} & \thead{$R$} & \thead{$\phi$} & \thead{$\omega_{cbo}$} & \thead{$\tau_{cbo}$} & \thead{$A_{cbo-N}$} & \thead{$\phi_{cbo-N}$} & \thead{$A_{cbo-2N}$} & \thead{$\phi_{cbo-2N}$} & \thead{$A_{cbo-A}$} & \thead{$\phi_{cbo-A}$} & \thead{$A_{cbo-\phi}$} & \thead{$\phi_{cbo-\phi}$} & \thead{$\omega_{VW}$} & \thead{$\tau_{VW}$} & \thead{$A_{VW}$} & \thead{$\phi_{VW}$} & \thead{$\kappa_{loss}$} \\
	  \midrule
		$N_{0}$    			 & 1.000 & 0.165 & 0.020 & -0.044 & 0.046 & 0.025 & -0.071 & 0.075 & -0.012 & 0.000 & -0.023 & 0.028 & 0.026 & -0.043 & -0.013 & -0.117 & -0.491 & 0.512 & 0.121 & 0.580  \\
		$\tau$    			 & 0.165 & 1.000 & 0.013 & -0.008 & 0.007 & 0.004 & -0.025 & 0.028 & 0.004 & -0.017 & -0.019 & 0.014 & 0.018 & -0.033 & -0.002 & -0.030 & -0.058 & 0.055 & 0.032 & 0.856  \\
		$A$    			 	 & 0.020 & 0.013 & 1.000 & 0.005 & -0.006 & -0.012 & 0.002 & -0.004 & 0.019 & -0.011 & -0.001 & 0.017 & -0.033 & 0.007 & 0.024 & -0.008 & -0.016 & 0.016 & 0.008 & 0.019  \\
		$R$     			 & -0.044 & -0.008 & 0.005 & 1.000 & -0.826 & -0.013 & -0.025 & 0.030 & 0.018 & 0.009 & -0.004 & -0.024 & -0.019 & 0.013 & -0.014 & 0.001 & -0.032 & 0.033 & -0.002 & -0.027  \\
		$\phi$   			 & 0.046 & 0.007 & -0.006 & -0.826 & 1.000 & 0.020 & 0.031 & -0.038 & -0.026 & -0.013 & 0.002 & 0.032 & 0.024 & -0.022 & 0.019 & -0.011 & 0.032 & -0.034 & 0.011 & 0.028  \\
		$\omega_{cbo}$   	 & 0.025 & 0.004 & -0.012 & -0.013 & 0.020 & 1.000 & 0.029 & -0.029 & -0.859 & 0.004 & -0.126 & -0.009 & -0.038 & -0.011 & -0.068 & 0.042 & 0.046 & -0.046 & -0.043 & 0.017  \\
		$\tau_{cbo}$		 & -0.071 & -0.025 & 0.002 & -0.025 & 0.031 & 0.029 & 1.000 & -0.883 & -0.028 & -0.011 & 0.010 & -0.063 & 0.035 & -0.026 & 0.007 & -0.044 & -0.033 & 0.033 & 0.046 & -0.053  \\
		$A_{cbo-N}$   	 	 & 0.075 & 0.028 & -0.004 & 0.030 & -0.038 & -0.029 & -0.883 & 1.000 & 0.027 & 0.013 & -0.012 & 0.059 & -0.047 & 0.022 & -0.008 & 0.050 & 0.029 & -0.028 & -0.053 & 0.057  \\
		$\phi_{cbo-N}$   	 & -0.012 & 0.004 & 0.019 & 0.018 & -0.026 & -0.859 & -0.028 & 0.027 & 1.000 & 0.006 & 0.116 & 0.017 & 0.031 & 0.015 & 0.065 & -0.040 & -0.053 & 0.054 & 0.042 & -0.005  \\
		$A_{cbo-2N}$   	 	 & 0.000 & -0.017 & -0.011 & 0.009 & -0.013 & 0.004 & -0.011 & 0.013 & 0.006 & 1.000 & -0.010 & 0.005 & 0.000 & -0.028 & -0.019 & 0.002 & 0.001 & 0.004 & 0.000 & -0.012  \\
		$\phi_{cbo-2N}$   	 & -0.023 & -0.019 & -0.001 & -0.004 & 0.002 & -0.126 & 0.010 & -0.012 & 0.116 & -0.010 & 1.000 & 0.011 & 0.028 & 0.020 & 0.004 & -0.026 & 0.012 & -0.019 & 0.025 & -0.025  \\
		$A_{cbo-A}$   	 	 & 0.028 & 0.014 & 0.017 & -0.024 & 0.032 & -0.009 & -0.063 & 0.059 & 0.017 & 0.005 & 0.011 & 1.000 & -0.008 & 0.006 & -0.004 & -0.010 & -0.013 & 0.013 & 0.010 & 0.023  \\
		$\phi_{cbo-A}$   	 & 0.026 & 0.018 & -0.033 & -0.019 & 0.024 & -0.038 & 0.035 & -0.047 & 0.031 & 0.000 & 0.028 & -0.008 & 1.000 & 0.035 & 0.003 & 0.000 & -0.015 & 0.017 & 0.001 & 0.025  \\
		$A_{cbo-\phi}$   	 & -0.043 & -0.033 & 0.007 & 0.013 & -0.022 & -0.011 & -0.026 & 0.022 & 0.015 & -0.028 & 0.020 & 0.006 & 0.035 & 1.000 & -0.014 & -0.001 & 0.046 & -0.049 & 0.002 & -0.045  \\
		$\phi_{cbo-\phi}$    & -0.013 & -0.002 & 0.024 & -0.014 & 0.019 & -0.068 & 0.007 & -0.008 & 0.065 & -0.019 & 0.004 & -0.004 & 0.003 & -0.014 & 1.000 & 0.023 & -0.006 & 0.006 & -0.025 & -0.008  \\
		$\omega_{VW}$   	 & -0.117 & -0.030 & -0.008 & 0.001 & -0.011 & 0.042 & -0.044 & 0.050 & -0.040 & 0.002 & -0.026 & -0.010 & 0.000 & -0.001 & 0.023 & 1.000 & -0.679 & 0.671 & -0.987 & -0.081  \\
		$\tau_{VW}$		 	 & -0.491 & -0.058 & -0.016 & -0.032 & 0.032 & 0.046 & -0.033 & 0.029 & -0.053 & 0.001 & 0.012 & -0.013 & -0.015 & 0.046 & -0.006 & -0.679 & 1.000 & -0.964 & 0.676 & -0.289  \\
		$A_{VW}$   	 	 	 & 0.512 & 0.055 & 0.016 & 0.033 & -0.034 & -0.046 & 0.033 & -0.028 & 0.054 & 0.004 & -0.019 & 0.013 & 0.017 & -0.049 & 0.006 & 0.671 & -0.964 & 1.000 & -0.668 & 0.297  \\
		$\phi_{VW}$   	 	 & 0.121 & 0.032 & 0.008 & -0.002 & 0.011 & -0.043 & 0.046 & -0.053 & 0.042 & 0.000 & 0.025 & 0.010 & 0.001 & 0.002 & -0.025 & -0.987 & 0.676 & -0.668 & 1.000 & 0.084  \\
		$\kappa_{loss}$   	 & 0.580 & 0.856 & 0.019 & -0.027 & 0.028 & 0.017 & -0.053 & 0.057 & -0.005 & -0.012 & -0.025 & 0.023 & 0.025 & -0.045 & -0.008 & -0.081 & -0.289 & 0.297 & 0.084 & 1.000  \\
	  \bottomrule
	\end{tabular*}}
	\caption{Correlation matrix for the T method fit. The only significant correlation to R is the \gmtwo phase.}
	\label{Tab:CorrMatTMethod}
	\end{table}
\end{landscape}

	\begin{figure}[h]
	\centering
	    \begin{subfigure}[]{0.45\textwidth}
		    \centering
			\includegraphics[width=\textwidth]{fitResidual_TMethod}
		    \caption{Fit residuals.}
	    \end{subfigure}
	    \begin{subfigure}[]{0.45\textwidth}
		    \centering
			\includegraphics[width=\textwidth]{fitPull_TMethod}
		    \caption{Fit pulls.}
	    \end{subfigure}% %you need this % here to add spacing between subfigures
	    \vspace{4mm}
	    \begin{subfigure}[]{0.7\textwidth}
		    \centering
			\includegraphics[width=\textwidth]{fitPull_projected_TMethod}
		    \caption{Fit pulls projected onto the y axis. Note the Gaussian shape centered around 0 with unit width.}
	    \end{subfigure}
	\caption[fitResidual_TMethod]{Residuals and pulls for the T Method fit.}
	\label{fig:fitResidual_TMethod}
	\end{figure}

	\begin{figure}[]
		\centering
		\includegraphics[width=\textwidth]{FFT_TMethodFit}
	    \caption[FFT_TMethodFit]{FFT of the residuals of the T Method fit. No significant peaks remain in the fit residuals after fitting with all terms. Overlayed are dotted lines for the \gmtwo, CBO, and vertical waist frequencies.}
	    \label{fig:FFT_TMethodFit}
	\end{figure}

	\begin{figure}[]
		\centering
		\includegraphics[width=\textwidth]{FFTComparison_TMethod}
	    \caption[FFTComparison_TMethod]{A plot of the FFT of the residuals of the fit for the five parameter fit compared to the T Method fit. In black is the FFT for a five parameter fit, where peaks for the CBO and vertical waist can be seen as well as the \gmtwo peak. In red is the FFT of the T Method fit residuals.}
	    \label{fig:FFTComparison_TMethod}
	\end{figure}


	\begin{table}[]
	\centering
	\setlength\tabcolsep{10pt}
	\renewcommand{\arraystretch}{1.2}
	\begin{tabular*}{.85\linewidth}{@{\extracolsep{\fill}}|l|l|c|c|}
	  \hline
	  	\multicolumn{4}{|c|}{\textbf{Fit Result Comparison}} \\
	  \hline\hline
	  	Parameter & Descriptor & T Method Fit & Ratio Fit \\
	  \hline
	  	$\chi^{2}$/NDF        & Goodness of fit 			&  $4083/4137$ & $4178/4148$ \\
	  	P value               & Goodness of fit 			&  $0.7211$ & $0.3688$ \\
		$N_{0}$    			  & Number  	    			&  $\SI{3.452e+06}{}$ &  \\
		$\tau$    			  & Muon Lifetime $(\mu s)$ 	&  $\SI{64.44}{}$ &  \\
		$A$    			 	  & Asymmetry  	    			&  $\SI{0.3704}{}$ & $\SI{0.3704}{}$ \\
		$R$     			  & R (ppm, blinded)   	 		&  $\SI{-20.450}{}$ & $\SI{-20.487}{}$ \\
		$\phi$   			  & \gmtwo Phase         		&  $\SI{2.091}{}$ & $\SI{2.091}{}$ \\
		$\omega_{cbo}$   	  & CBO Frequency $(MHz)$       &  $\SI{0.367}{}$ & $\SI{0.367}{}$ \\
		$\tau_{cbo}$          & CBO Lifetime $(\mu s)$ 	    &  $\SI{178.9}{}$ & $\SI{168.4}{}$ \\
		$A_{cbo-N}$   	 	  & CBO N Amplitude      		&  $\SI{0.00432}{}$ & $\SI{0.00397}{}$ \\
		$\phi_{cbo-N}$   	  & CBO N Phase       	 		&  $\SI{-1.824}{}$ & $\SI{-1.908}{}$ \\
		$A_{cbo-A}$   	 	  & CBO A Amplitude      		&  $\SI{6.075e-4}{}$ &  \\
		$\phi_{cbo-A}$   	  & CBO A Phase       	 		&  $\SI{-0.470}{}$ &  \\
		$A_{cbo-\phi}$   	  & CBO $\phi$ Amplitude      	&  $\SI{2.586e-4}{}$ &  \\
		$\phi_{cbo-\phi}$     & CBO $\phi$ Phase       	 	&  $\SI{-1.391}{}$ &  \\
		$\omega_{VW}$   	  & VW Frequency $(MHz)$        &  $\SI{2.309}{}$ &  \\
		$\tau_{VW}$           & VW Lifetime $(\mu s)$ 	    &  $\SI{11.69}{}$ &  \\
		$A_{cbo-VW}$   	 	  & VW Amplitude      			&  $\SI{0.017}{}$ &  \\
		$\phi_{cbo-VW}$   	  & VW Phase       	 			&  $\SI{1.328}{}$ &  \\
		$\kappa_{loss}$   	  & Lost Muon Normalization     &  $\SI{6.616}{}$ &  \\
	  \hline
	\end{tabular*}
	\caption{Comparison of fit results between T method fit and ratio fit.}
	\label{Tab:FitComparison}
	\end{table}


\clearpage

	T method fits were performed for 20 random sees as was done for the ratio method fit. The results are shown in Figure \ref{fig:RandomSeedsTMethod}. Results are consistent with each other as they should be. The average R value for the T method fits is -19.82 ppm.

	\begin{figure}[]
	\centering
	    \begin{subfigure}[t]{0.45\textwidth}
		    \centering
			\includegraphics[width=\textwidth]{TMethod_Chi2NDF_Vs_Iter_Canv_hist}
		    \caption{$\chi^{2}$/NDF values for 20 random seeds.}
	    \end{subfigure}
	    \begin{subfigure}[t]{0.45\textwidth}
		    \centering
			\includegraphics[width=\textwidth]{TMethod_R_Vs_Iter_Canv_hist.png}
		    \caption{R values for 20 random seeds.}
		\label{Subfig:RVsRandomSeedTMethod}
	    \end{subfigure}% %you need this % here to add spacing between subfigures
	\caption[RandomSeedsTMethod]{Plotted is the $\chi^{2}$/NDF and fitted R value for 20 random seeds for the T method fit.}
	\label{fig:RandomSeedsTMethod}
	\end{figure}

\clearpage

\section{Toy MC Comparison}


In order to assist in combining the ratio method results with those of the other analyzers and their T method results, it's useful to perform an MC comparison between the ratio and T method fits. To do this I generated 100 pseudo-experiments in MC. Each pseudo-experiment consisted of a single set of ``positron'' data, generated using a 1D \texttt{ROOT} function corresponding to an energy threshold time histogram. The amount of stats in each pseudo-experiment was chosen to be comparable to the 60H dataset. This single set of hits was then randomized with 50 different random seeds, where the times of the generated hits were randomized in the same way as was done for data to remove the fast rotation. The times were also randomly split into the separate U and V histograms to form the ratio. In this way each pseudo-experiment corresponds to an idealized approximation of the 60H dataset, with 50 different random seeds applied before fitting.

5 parameter fits and 3 parameter ratio fits were then performed on the created histograms for all random seeds, and for all pseudo-experiments. The distribution of fitted R values for a single pseudo-experiment is shown in Figure \ref{Subfig:SingleRDist}. While the true R value is 0, the R values for a single pseudo-experiment will be centered around some other value that is statistically consistent with 0. (This is satisfied since the statistical error on R is approximately 1.3 ppm.) Plots for all pseudo-experiment R distribution means and widths are shown in \ref{Subfig:MeanDist} and \ref{Subfig:WidthDist} respectively. In the former, the mean of the plotted histograms should be and are consistent with 0, with widths corresponding to the statistical error on R. In the latter the widths of the T method and ratio method fits due to the randomization is shown. It can be seen that the ratio method, while having the same statistical fit precision as the T method, has a larger width due to the randomization of counts in the ratio histograms. It's good to note that the mean of the ratio fit R distribution width, 189.9 ppb here, is consistent with the width shown in Figure \ref{Subfig:RVsRandomSeed}, of 193.6 ppb.

Finally, the differences in the mean of the R distributions between the T method fit and the ratio fit for each pseudo-experiment is plotted in Figure \ref{Subfig:DiffDist}. It is the width of this histogram that is the number we are after. What this plot tells us is that for a dataset with approximately the same statistics as the 60H dataset, an average R value for 50 different random seeds for a T method fit that is 70 ppb different from that for a ratio fit, is statistically consistent to 1 $\sigma$. Comparing the means of Figure \ref{Subfig:RVsRandomSeed} and \ref{Subfig:RVsRandomSeedTMethod}, the average R values for the T method and ratio method fits are consistent to within blank $\sigma$. Assuming the data is treated in the same way between different analyzers and myself, this should hold true when comparing our results.

	\begin{figure}[h]
	\centering
	    \begin{subfigure}[t]{0.45\textwidth}
		    \centering
			\includegraphics[width=\textwidth]{singleDist_canvas}
		    \caption{Fitted R distributions for a single pseudo-experiment for 5 parameter and 3 parameter ratio fits, for 50 different random seeds.}
		\label{Subfig:SingleRDist}
	    \end{subfigure}
	   	\hspace{4mm}
	    \begin{subfigure}[t]{0.45\textwidth}
		    \centering
			\includegraphics[width=\textwidth]{mean_canvas}
		    \caption{The distribution of means of the fitted R distributions, for 100 separate pseudo-experiments.}
		\label{Subfig:MeanDist}
	    \end{subfigure}% %you need this % here to add spacing between subfigures
	    \vspace{4mm}
	    \begin{subfigure}[t]{0.45\textwidth}
		    \centering
			\includegraphics[width=\textwidth]{width_canvas}
		    \caption{The distribution of widths of the fitted R distributions, for 100 separate pseudo-experiments.}
		\label{Subfig:WidthDist}
	    \end{subfigure}
	   	\hspace{4mm}
	    \begin{subfigure}[t]{0.45\textwidth}
		    \centering
			\includegraphics[width=\textwidth]{diff_canvas}
		    \caption{The distribution of differences in fitted R means between 5 parameter fits and 3 parameter ratio fits per pseudo-experiment for 100 pseudo-experiments.}
		\label{Subfig:DiffDist}
	    \end{subfigure}% %you need this % here to add spacing between subfigures
	\caption[TMethodComparison]{MC comparison between T method and ratio method fits for various sets of generated hits and many random seeds. The statistical precision on R for a single fit is approximately 1.3 ppm.}
	\label{fig:TMethodComparison}
	\end{figure}


